SFR	SD_GAS
0.01843	18.46
0.00641	9.813
0.008162	10.5
0.009277	12.94
0.006917	9.61
0.003805	5.74
0.003272	4.971
0.007926	10.28
0.004764	5.002
0.001475	1.96
0.001759	2.963
0.003096	4.286
0.001656	2.587
0.001645	1.414
0.001597	2.808
0.001377	0.708
0.001093	0.3523
0.001834	2.707
0.001433	1.272
0.003294	4.112
0.001173	0.5001
0.0006309	0.2551
0.02247	12.0
0.009745	7.393
0.01076	7.143
0.005041	3.705
0.008903	5.1
0.00547	5.072
0.01023	6.057
0.003849	2.845
0.01065	5.126
0.00241	1.986
0.005146	3.831
0.002348	0.5252
0.007688	4.49
0.00154	0.6713
0.005508	2.341
0.003412	2.673
0.001662	2.459
0.004599	3.071
0.001386	1.627
0.001793	0.2342
0.003678	3.526
0.002421	3.169
0.001669	1.195
0.001408	0.7361
0.002197	2.566
0.001174	1.271
0.002366	2.06
0.002438	1.865
0.001385	1.688
0.001674	1.102
0.001768	1.873
0.001628	1.032
0.001514	0.5502
0.001538	0.7089
0.002598	0.8509
0.0008437	0.7135
0.001072	0.7321
0.001027	0.3138
0.0008505	0.6593
0.001119	0.4442
0.00217	0.5938
0.0008851	0.2538
0.007725	21.3
0.003933	14.96
0.005855	17.3
0.004888	16.93
0.004395	14.64
0.00476	14.85
0.005455	15.18
0.004748	14.65
0.004516	13.67
0.007443	14.4
0.004038	13.25
0.005798	13.83
0.006576	12.17
0.009774	18.8
0.007597	14.8
0.003606	12.92
0.007082	14.53
0.003716	12.6
0.005466	16.83
0.003403	8.423
0.01051	15.27
0.01442	18.44
0.003499	11.3
0.002559	8.719
0.007006	12.36
0.005276	12.66
0.007807	19.48
0.004728	13.96
0.008141	16.95
0.005328	16.74
0.00464	14.75
0.0055	11.92
0.004011	9.896
0.002793	12.83
0.009517	15.37
0.004954	15.52
0.003914	15.02
0.002092	7.046
0.008406	16.76
0.004659	12.87
0.00478	13.29
0.002451	5.577
0.00887	13.03
0.01882	21.73
0.001603	7.321
0.005919	9.504
0.005562	11.81
0.003047	5.4
0.001964	7.601
0.007118	7.922
0.004691	9.987
0.001751	2.726
0.001688	5.759
0.005251	9.946
0.005151	9.83
0.003497	5.653
0.002822	4.934
0.008097	9.846
0.005039	6.477
0.0009779	4.035
0.00306	4.026
0.007911	7.799
0.007019	5.66
0.003108	4.86
0.002834	3.915
0.002662	2.66
0.009064	8.019
0.003706	5.789
0.002352	3.917
0.002163	2.829
0.007153	4.172
0.004514	3.714
0.003597	4.476
0.003269	3.81
0.002261	2.942
0.003333	3.992
0.001692	1.755
0.002844	4.637
0.001486	1.417
0.002728	2.74
0.002384	3.181
0.003369	1.683
0.00227	1.533
0.001558	0.5125
0.002483	1.887
0.002752	2.373
0.002059	1.474
0.004414	3.454
0.001833	1.796
0.001451	1.246
0.003499	2.979
0.002457	1.355
0.003006	0.8387
0.00232	2.148
0.001689	1.076
0.002947	1.46
0.004055	1.78
0.0008359	0.4856
0.00366	1.306
0.0008602	0.7469
0.006851	2.386
0.004261	1.886
0.002781	0.3572
0.0754	63.58
0.03588	24.13
0.01929	16.66
0.03637	21.78
0.01917	20.46
0.02142	23.78
0.04228	23.31
0.01026	13.29
0.01085	8.309
0.002644	4.389
0.007545	9.223
0.004563	3.781
0.01338	6.935
0.01353	16.76
0.008099	14.23
0.01176	10.17
0.01409	17.15
0.00603	11.83
0.004007	4.725
0.008968	12.22
0.005699	11.49
0.0104	8.059
0.005848	4.424
0.002318	1.661
0.001203	0.2477
0.006296	7.357
0.001349	3.099
0.002478	10.88
0.001242	1.031
0.004263	6.955
0.001718	4.22
0.004517	4.944
0.002047	6.058
0.001616	1.023
0.003588	2.791
0.002204	5.883
0.001327	3.095
0.001434	2.077
0.0001195	0.3164
0.0008397	0.6383
0.0002737	0.4692
0.02837	109.7
0.003175	23.62
0.002868	15.92
0.0032	9.902
0.002402	12.38
0.002349	16.67
0.003114	11.14
0.0007163	0.4952
0.0003001	0.8035
0.0006348	0.3402
0.001118	5.521
0.0007121	2.804
0.0002439	0.5075
0.0002036	0.3537
0.0003441	2.011
0.0009051	4.659
0.0005628	1.405
0.0007243	0.5808
0.0001747	0.1947
0.0005982	0.9405
0.0008049	1.836
0.0002072	0.4733
0.001345	9.618
0.001225	3.547
0.0008678	0.3205
0.0009246	1.136
0.0008706	0.8638
0.0003709	1.194
0.0003801	0.5797
0.000401	2.39
0.001203	2.326
0.0003978	1.249
0.0006215	0.801
0.0005851	1.542
0.001383	6.635
0.001588	12.05
0.001713	1.37
0.001038	0.225
0.001724	2.397
0.0002446	0.4129
0.0007669	1.503
0.001074	3.184
0.002365	5.591
0.004096	7.36
0.002633	3.504
0.001011	1.454
0.001522	3.468
0.001257	3.804
0.001897	4.327
0.001307	1.585
0.001318	3.902
0.0008117	3.364
0.003631	7.218
0.003321	14.08
0.001557	3.87
0.002568	5.8
0.002991	5.53
0.002186	7.565
0.001496	5.78
0.0004512	1.006
0.00684	22.33
0.005429	12.17
0.0008855	2.023
0.002776	4.958
0.001334	4.147
0.001104	0.5803
0.001932	4.019
0.0003927	0.3423
0.006007	10.19
0.004302	7.047
0.002665	4.522
0.001376	1.872
0.0004306	0.8944
0.00145	0.9049
0.0006867	0.923
0.001842	2.895
0.0008557	1.47
0.003302	4.882
0.001213	1.723
0.001174	0.2135
0.01306	17.54
0.001494	3.367
0.01982	14.8
0.002788	4.994
0.0003693	0.3534
0.002445	3.248
0.003166	8.989
0.001209	2.815
0.001924	5.231
0.001657	3.046
0.001656	3.101
0.0007205	1.111
0.003219	3.783
0.001082	1.594
0.01206	9.426
0.001077	1.176
0.002444	8.011
0.000503	0.8973
0.00515	5.132
0.0006958	0.5826
0.001299	3.926
0.00168	3.882
0.001125	1.5
0.003507	5.046
0.005472	2.027
0.001282	1.173
0.001574	2.165
0.00362	2.722
0.0003149	0.3004
0.002392	6.305
0.001345	8.021
0.001942	4.667
0.0009184	3.019
0.000792	0.7854
0.002722	3.472
0.002798	9.775
0.001499	4.062
0.001091	6.471
0.0003287	2.769
0.0002169	0.8718
0.000132	0.2859
0.001931	1.336
0.001641	3.987
0.001687	1.93
0.0008258	3.339
0.0002323	0.7866
0.001508	3.115
0.0004856	1.96
0.0005337	1.372
0.002776	3.069
0.0002577	0.4067
0.0005174	0.6101
0.001605	1.388
0.001598	1.808
0.04363	80.74
0.02177	31.03
0.01442	27.45
0.01486	28.48
0.01595	21.78
0.01787	29.92
0.01144	20.31
0.002208	1.387
0.002779	3.752
0.002561	1.658
0.002554	4.473
0.001457	0.8487
0.0009757	0.6252
0.5301	771.6
0.09991	419.7
0.2744	445.1
0.05417	157.9
0.1076	186.6
0.07331	222.3
0.05133	292.5
0.02483	21.8
0.007919	32.56
0.002289	46.01
0.01824	46.04
0.01115	156.2
0.03872	136.5
0.002945	1.004
0.001602	0.4408
0.004007	1.971
0.005406	9.886
0.005042	15.0
0.002419	1.858
0.002583	10.97
0.005752	22.02
0.002146	2.171
0.002143	3.406
0.005783	15.48
0.004001	32.58
0.003701	2.415
0.003895	3.511
0.005018	18.14
0.005418	49.66
0.0008807	1.302
0.004634	3.118
0.004436	1.294
0.001051	0.8221
0.00193	7.412
0.001868	0.661
0.002987	0.504
0.003167	3.265
0.0009955	5.904
0.000707	6.71
0.002994	3.296
0.005642	5.255
0.002716	1.241
0.002996	8.417
0.00263	30.0
0.00294	2.107
0.004247	1.991
0.000425	0.5596
0.003106	2.11
0.002679	0.7282
0.002388	0.5864
0.004072	0.3244
0.003708	11.12
0.004657	23.56
0.003289	0.4603
0.002332	2.036
0.001668	1.68
0.003039	7.933
0.00543	0.2968
0.002733	4.556
0.002655	2.285
0.01306	4.153
0.001326	2.984
0.003799	13.05
0.002698	2.157
0.008719	3.46
0.002958	2.024
0.003735	6.832
0.008819	14.9
0.003056	2.004
0.003678	1.298
0.001615	0.4633
0.002489	2.577
0.007707	3.802
0.003465	3.087
0.01193	6.171
0.002072	2.196
0.002199	7.297
0.00712	3.093
0.006744	27.4
0.004008	5.819
0.004702	4.709
0.003358	2.956
0.01069	5.424
0.01702	10.95
0.002275	5.126
0.004269	4.225
0.002245	7.526
0.004433	4.247
0.003451	8.154
0.008206	8.878
0.01135	22.42
0.002987	3.025
0.003078	3.572
0.004514	2.916
0.00981	3.829
0.01135	32.11
0.0132	6.719
0.008344	13.55
0.002206	0.9576
0.003342	3.273
0.001483	0.3783
0.007697	0.6391
0.00568	2.167
0.003897	1.769
0.003176	1.944
0.001793	1.078
0.002467	0.499
0.003546	3.836
0.004568	2.388
0.09698	40.12
0.02233	20.06
0.05104	42.03
0.06156	29.42
0.03928	17.85
0.07732	45.94
0.03924	22.22
0.03826	16.65
0.007529	10.59
0.004741	13.04
0.02011	18.35
0.01121	7.837
0.006681	6.492
0.01239	15.34
0.03946	25.21
0.01314	5.377
0.01908	10.77
0.00349	7.12
0.009075	9.335
0.002078	2.915
0.002848	4.898
0.005817	5.163
0.0216	11.28
0.005962	4.072
0.005204	6.509
0.001188	0.6022
0.01059	13.49
0.003519	5.587
0.001863	0.8265
0.001517	2.62
0.006947	4.547
0.004117	4.088
0.001132	0.2742
0.006296	6.76
0.003206	1.415
0.002	3.032
0.001173	0.7539
0.0002256	0.3739
0.001122	1.768
0.0006151	0.2753
0.04629	115.6
0.008479	37.27
0.00543	26.33
0.005259	15.75
0.007129	20.64
0.007774	19.06
0.004906	20.33
0.0003931	0.5953
0.0007111	1.742
0.001654	6.849
0.0006141	3.729
0.0002997	0.4874
0.0002264	0.1967
0.0002781	0.1062
0.0004493	1.748
0.0005262	2.338
0.0007166	0.9093
0.0005668	0.5579
0.0005583	0.9864
0.0001905	0.1258
0.001032	2.682
0.000622	0.1908
0.0002906	0.1603
0.0002854	0.1494
0.0005113	0.6868
0.0007177	1.561
0.0003262	0.771
0.0002728	0.7277
0.0004623	1.284
0.0006283	0.5332
0.001182	1.388
0.0006753	0.9026
0.003542	2.078
0.001166	1.678
0.001163	0.5355
0.001553	1.29
0.001176	1.002
0.00164	1.676
0.0006827	1.209
0.001204	1.539
0.0007307	1.392
0.0007782	1.235
0.001726	0.3212
0.0008945	0.911
0.0007602	1.397
0.0007227	0.9725
0.001503	1.461
0.001761	2.843
0.0009077	0.4562
0.0008387	1.528
0.001534	1.37
0.001693	2.217
0.001373	1.166
0.001155	1.427
0.0009885	1.416
0.0015	2.065
0.001951	2.816
0.002093	4.615
0.001801	2.142
0.001245	1.921
0.001242	1.436
0.0007239	1.759
0.006472	1.72
0.000878	2.229
0.001041	1.288
0.001926	2.547
0.001828	0.8614
0.001059	1.498
0.001027	1.85
0.001903	3.582
0.001442	2.765
0.001402	3.019
0.001294	1.049
0.0009884	2.175
0.002193	1.847
0.002311	2.335
0.001123	1.475
0.001549	2.165
0.002019	5.628
0.002361	4.68
0.0009845	0.8742
0.0008834	1.412
0.001368	0.7657
0.0009292	2.452
0.001661	1.846
0.00252	2.448
0.004763	5.973
0.004645	5.287
0.0009444	0.2026
0.001075	0.284
0.002737	3.116
0.002638	2.668
0.001293	2.556
0.001679	2.224
0.001359	1.779
0.001116	1.49
0.00254	4.128
0.004278	4.764
0.001228	1.27
0.001538	1.334
0.003955	4.587
0.001845	1.952
0.007442	8.899
0.002576	4.555
0.0004839	0.9198
0.0002507	0.58
0.0004515	0.5736
0.001046	1.188
0.003319	4.371
0.001559	1.358
0.002712	1.919
0.0009103	0.7018
0.002266	2.877
0.001359	1.393
0.002361	2.449
0.002336	1.758
0.001472	0.9215
0.0008664	0.9104
0.003049	2.606
0.001687	2.361
0.001411	1.383
0.0007476	1.314
0.0004665	0.6765
0.001001	1.627
0.001933	0.5119
0.001285	1.093
0.001016	0.7528
0.00196	1.796
0.001168	2.028
0.0009637	0.2485
0.001201	0.5591
0.000945	2.067
0.001719	1.521
0.00131	0.8534
0.001839	0.6275
0.0007331	0.7629
0.0004999	0.2933
0.001109	1.163
0.0001747	0.2739
0.001973	0.4903
0.001254	0.9237
0.0005601	0.5871
0.0006447	0.3656
0.0006483	0.5803
0.0008135	0.2952
0.04291	15.73
0.00731	7.544
0.04398	28.51
0.01877	12.13
0.02757	17.44
0.007471	8.455
0.02829	26.63
0.002893	5.94
0.0006923	0.9942
0.0004801	0.593
0.004352	8.666
0.004517	4.693
0.006499	9.718
0.000417	1.22
0.002443	4.536
0.002686	2.763
0.0006734	1.101
0.01134	21.29
0.000867	1.253
0.001154	1.339
0.0004784	0.1081
0.001579	3.517
0.0001708	0.1285
0.0004817	2.237
0.0001494	0.5144
0.02966	56.49
0.006146	8.407
0.006095	9.472
0.005264	13.19
0.006374	8.688
0.004183	10.07
0.008173	12.8
0.0005321	0.8117
0.001127	0.3477
0.0008414	1.979
0.001081	0.6804
0.0003255	0.5785
0.0004948	0.6292
0.0001597	0.2686
0.0008619	2.002
0.0004759	0.4415
0.0007164	0.9068
0.0003836	0.2914
0.0008283	0.2258
0.000738	0.5036
0.001159	2.965
0.001311	3.71
0.001005	1.815
0.0007708	2.564
0.0009297	0.5658
0.00125	1.532
0.0009876	2.002
0.0006121	1.882
0.0007568	0.6241
0.001246	1.982
0.0003218	1.565
0.001014	3.13
0.001241	2.636
0.002216	4.786
0.001438	4.577
0.004105	6.103
0.001846	4.117
0.001059	2.103
0.000284	1.366
0.002263	3.462
0.002384	3.039
0.0006098	1.521
0.00129	1.005
0.0008866	0.4996
0.001224	1.416
0.004288	7.108
0.00124	4.97
0.0008756	2.313
0.0004537	1.386
0.0005173	1.044
0.0005763	0.6321
0.001863	3.974
0.001578	1.549
0.002369	2.709
0.002645	4.11
0.0003701	1.012
0.0004686	0.7461
0.001663	1.988
0.000754	0.4726
0.00345	3.825
0.002788	6.278
0.001381	1.488
0.001223	1.838
0.002426	2.738
0.002926	3.03
0.0001157	0.3981
0.0003318	0.2801
0.0001755	0.4155
0.0009731	1.757
0.001468	1.88
0.001255	0.5674
0.002609	2.096
0.001946	2.777
0.003024	1.382
0.001098	1.83
0.001455	2.0
0.001346	1.687
0.001093	0.5155
0.0008924	1.634
0.0008913	0.6359
0.0005936	0.3224
0.001194	2.286
0.0006165	1.037
0.04548	141.0
0.008189	31.41
0.01227	49.7
0.008569	16.33
0.01404	26.34
0.009631	24.59
0.01853	43.66
0.02485	50.58
0.01876	56.54
0.02028	34.74
0.01768	34.51
0.007316	18.19
0.02363	32.26
0.01609	44.4
0.01323	27.08
0.06442	57.09
0.0275	58.77
0.009015	17.02
0.01353	16.06
0.006501	13.1
0.006996	14.13
0.005179	10.03
0.003759	7.0
0.01435	24.35
0.00792	18.81
0.005147	9.759
0.003618	10.3
0.003169	5.609
0.003237	6.488
0.03836	55.1
0.04038	52.75
0.03037	46.04
0.02005	55.86
0.025	21.86
0.01516	11.05
0.02317	38.8
0.01018	49.63
0.001996	3.706
0.003479	3.662
0.002316	6.535
0.002694	4.787
0.002221	5.048
0.002018	7.366
0.002055	5.657
0.001155	4.238
0.00151	2.41
0.002521	3.489
0.08962	37.64
0.003659	14.82
0.01055	11.94
0.02804	16.67
0.003456	4.48
0.0007511	4.611
0.002887	3.688
0.008468	5.914
0.01652	27.55
0.01851	37.03
0.001921	1.722
0.002396	2.764
0.04018	15.81
0.00602	15.28
0.003999	6.452
0.002194	8.055
0.002036	3.223
0.002283	4.677
0.006034	5.987
0.001308	4.681
0.04236	34.9
0.004636	12.49
0.002062	0.9267
0.003585	3.617
0.003701	2.471
0.002052	3.795
0.001889	5.467
0.001756	2.251
0.002575	2.416
0.07338	33.9
0.00509	10.91
0.001776	1.96
0.004519	4.34
0.001767	1.756
0.005508	3.99
0.001495	2.534
0.002332	5.358
0.01321	18.22
0.001854	4.711
0.003957	4.036
0.002246	1.831
0.002655	2.812
0.002588	2.816
0.001853	4.782
0.00162	1.364
0.00329	4.986
0.003056	5.117
0.001799	3.112
0.001441	0.5857
0.004373	6.343
0.001364	1.316
0.002011	4.16
0.001501	2.484
0.002928	3.638
0.001724	3.862
0.001428	2.874
0.00134	0.9844
0.008756	1.691
0.003998	5.606
0.001985	2.855
0.001485	2.55
0.003792	0.6606
0.002699	1.333
0.002139	0.3122
0.001032	0.6866
0.005711	2.126
0.002639	3.138
0.001139	1.359
0.003539	0.7748
0.001918	2.404
0.02651	71.03
0.02046	46.82
0.01774	41.92
0.01468	39.66
0.01777	46.41
0.01754	24.1
0.02138	48.54
0.02524	59.28
0.02454	38.05
0.0171	43.04
0.01028	31.54
0.04088	46.19
0.01462	28.71
0.04052	59.53
0.009551	14.32
0.02426	39.23
0.01053	28.38
0.005891	12.24
0.008187	20.03
0.005986	10.5
0.009726	25.73
0.01522	25.74
0.004903	16.86
0.007764	26.4
0.005429	18.56
0.005586	12.61
0.0119	24.45
0.00294	13.46
0.001034	4.312
0.00147	7.012
0.003111	5.406
0.006593	8.193
0.001473	5.205
0.001332	7.159
0.0006297	3.352
0.0005591	3.62
0.003136	11.25
0.002042	8.406
0.0004866	1.629
0.001397	3.743
0.002452	9.424
0.001159	4.838
0.002691	10.37
0.0009699	3.095
0.001564	3.598
0.00191	4.684
0.00283	8.296
0.001519	3.063
0.0014	4.071
0.0004502	1.187
0.0004751	1.61
0.0004864	2.342
0.0009434	1.149
0.0007657	1.897
0.0004044	1.345
0.0007627	1.636
0.0008344	1.25
0.0004627	0.3903
0.0007661	0.7926
0.0006174	0.6737
0.0005312	0.6892
0.007233	7.464
0.004622	7.676
0.005459	7.4
0.003613	6.382
0.003073	3.989
0.003027	4.511
0.002121	3.476
0.001998	3.117
0.001302	2.366
0.001643	2.477
0.0007032	0.7573
0.0008868	0.5987
0.0005133	0.4296
0.0004222	0.3336
0.0004025	0.3651
0.0006453	0.1083
0.01107	8.895
0.006022	4.681
0.01032	6.946
0.009265	6.333
0.006745	5.449
0.008109	4.643
0.004561	2.937
0.003552	2.94
0.002163	2.83
0.001585	1.902
0.002467	1.808
0.004941	2.35
0.004527	2.784
0.00112	0.929
0.00128	0.8553
0.001121	1.506
0.003443	1.763
0.002088	1.077
0.0007744	0.8913
0.0009146	0.1803
0.6492	497.0
0.06148	96.99
0.1059	48.81
0.08312	104.9
0.0832	142.9
0.08066	133.2
0.009026	18.04
0.006623	2.501
0.004588	20.52
0.005438	15.84
0.004895	5.099
0.002466	1.535
0.004142	6.525
0.003568	6.036
0.008115	11.42
0.002512	4.283
0.004453	5.005
0.001748	4.804
0.003607	1.82
0.001558	0.996
0.002689	2.81
0.002703	12.99
0.002816	4.661
0.004978	10.8
0.002895	7.697
0.001924	2.689
0.00354	5.011
0.0009815	1.519
0.001734	1.678
0.002774	3.226
0.007491	7.783
0.002061	4.502
0.004974	4.821
0.003719	20.48
0.003074	6.569
0.0045	15.03
0.005366	13.85
0.007025	17.14
0.002148	4.855
0.0008371	2.204
0.001598	9.154
0.0007249	3.136
0.01456	0.6848
0.01347	0.4221
0.01314	0.6702
0.01384	1.158
0.01353	0.4377
0.01349	0.1249
0.006999	3.784
0.007849	4.233
0.007332	4.811
0.00735	5.118
0.007057	5.268
0.006548	5.441
0.006805	6.479
0.006748	7.267
0.006385	8.167
0.007011	7.296
0.006159	9.619
0.006661	8.395
0.005662	8.433
0.006851	10.09
0.005751	9.399
0.005712	10.92
0.005824	9.472
0.006138	9.636
0.005361	10.57
0.005339	9.619
0.005236	10.35
0.006265	10.85
0.004603	6.447
0.005119	8.025
0.004233	8.445
0.00516	9.843
0.004108	9.147
0.004151	8.54
0.003987	7.527
0.004673	7.805
0.003591	8.106
0.004112	7.548
0.003983	6.085
0.003441	8.341
0.00371	6.814
0.004589	8.08
0.002879	6.172
0.003753	8.224
0.003168	4.591
0.002991	7.105
0.002868	5.565
0.003305	7.475
0.002415	2.348
0.002883	4.923
0.002194	4.533
0.002883	4.706
0.001983	3.58
0.00223	2.951
0.002531	1.352
0.002409	4.223
0.00198	4.089
0.00231	4.073
0.001874	2.276
0.001717	2.182
0.002033	2.131
0.003802	5.761
0.002813	2.665
0.004437	4.994
0.003509	3.449
0.004726	5.003
0.002845	3.996
0.005537	6.59
0.007216	4.223
0.008233	4.719
0.002167	4.096
0.01127	7.298
0.009888	4.502
0.004365	3.579
0.002294	1.492
0.002956	3.045
0.003032	2.702
0.004122	2.55
0.002312	1.015
0.002523	1.747
0.003532	2.463
0.002306	2.333
0.005319	2.294
0.004341	1.789
0.002442	1.388
0.002621	0.6715
0.003153	2.074
0.00367	2.272
0.001259	0.2135
0.003909	1.479
0.004255	0.9358
0.002272	0.3602
0.001148	0.2513
0.001199	1.114
0.001208	1.175
0.002142	1.719
0.001683	0.4226
0.001799	1.041
0.0573	153.6
0.008136	35.2
0.007327	28.1
0.006644	39.62
0.01213	42.77
0.008237	46.77
0.01167	39.81
0.002493	16.31
0.001726	8.917
0.003994	18.09
0.003488	16.39
0.004239	18.42
0.002327	11.16
0.003028	14.73
0.002299	15.66
0.006296	19.84
0.001735	11.46
0.003912	15.09
0.004861	15.36
0.005109	16.96
0.005531	16.1
0.002776	13.11
0.001989	11.82
0.00262	14.4
0.005013	18.58
0.008002	22.65
0.006263	15.88
0.003621	11.38
0.002268	6.852
0.002685	13.76
0.00365	12.97
0.004361	16.76
0.01218	19.33
0.003588	13.59
0.008927	25.12
0.01051	28.32
0.01177	19.81
0.002433	4.45
0.002811	15.05
0.003409	12.55
0.004237	17.53
0.007905	16.6
0.01228	30.93
0.008771	24.96
0.01222	25.27
0.01271	24.28
0.001672	7.584
0.003176	13.28
0.01413	29.93
0.03702	36.04
0.005508	12.97
0.005141	16.05
0.004406	8.837
0.01021	17.03
0.01199	21.68
0.004887	15.25
0.001949	5.164
0.01003	19.49
0.001853	7.866
0.002336	5.644
0.008183	15.0
0.00389	9.994
0.007954	16.5
0.01237	29.47
0.0122	21.87
0.00361	9.714
0.01242	24.56
0.00264	4.398
0.00782	7.067
0.002267	6.901
0.003364	11.57
0.001602	3.534
0.003138	9.353
0.001531	7.746
0.003501	11.21
0.008517	7.525
0.006677	13.95
0.003824	11.7
0.002471	11.15
0.002084	3.955
0.001832	3.882
0.002428	3.114
0.01196	10.89
0.002522	3.616
0.005982	3.25
0.003897	4.389
0.006836	20.59
0.003988	4.37
0.003727	4.034
0.1027	70.07
0.01299	14.67
0.06152	84.53
0.01354	28.09
0.004586	5.511
0.005557	8.62
0.01046	19.0
0.00613	5.779
0.01067	13.11
0.006556	10.02
0.004498	3.939
0.007478	5.243
0.009118	11.73
0.006556	9.081
0.003984	8.797
0.00732	8.411
0.01013	16.38
0.008473	6.154
0.006152	9.67
0.005627	3.866
0.004499	7.41
0.002239	4.083
0.003141	5.689
0.005055	6.763
0.002115	3.286
0.01897	14.27
0.004429	5.384
0.004267	4.976
0.004128	7.131
0.005403	4.04
0.003893	6.026
0.005375	6.7
0.003964	3.064
0.003029	4.341
0.003127	3.499
0.005285	5.993
0.001916	2.994
0.001291	3.604
0.001478	1.971
0.001974	3.417
0.001528	3.841
0.001591	2.733
0.00151	2.563
0.007518	3.838
0.0008683	2.166
0.001267	2.467
0.001799	3.212
0.001328	1.984
0.002571	3.308
0.0805	72.97
0.007385	8.93
0.007729	7.086
0.007761	7.84
0.006519	10.78
0.006248	5.565
0.0059	10.08
0.001962	4.295
0.002021	4.024
0.001419	3.858
0.001734	4.588
0.001768	5.569
0.001503	4.026
0.002107	7.691
0.002241	6.45
0.002087	7.34
0.001846	5.395
0.001885	4.669
0.001235	2.582
0.002308	7.699
0.002195	7.02
0.001333	5.094
0.001426	4.384
0.001604	3.981
0.0009165	3.759
0.001028	2.974
0.001077	3.988
0.0008988	2.281
0.0008951	3.452
0.0009059	3.243
0.001547	3.619
0.002012	4.029
0.008256	15.83
0.004026	7.492
0.004876	8.941
0.002519	4.926
0.001861	5.225
0.002394	4.166
0.004582	5.536
0.002309	4.002
0.004974	7.286
0.002491	6.774
0.001718	1.822
0.003271	6.08
0.001639	5.195
0.001031	2.065
0.002757	4.025
0.0008965	0.4467
0.001321	1.962
0.001487	2.256
0.001632	1.748
0.002539	2.255
0.0007323	0.7933
0.001893	1.082
0.001528	2.619
0.001591	0.7034
0.0006668	1.156
0.001166	1.478
0.0009754	0.2862
0.0008222	0.3749
0.0005757	0.3876
0.01454	27.47
0.009318	16.44
0.007106	15.72
0.008906	17.94
0.007649	15.58
0.01097	15.85
0.008901	15.68
0.003192	6.987
0.004026	6.964
0.005933	8.586
0.003332	6.748
0.002063	3.473
0.003156	4.32
0.003265	4.736
0.04159	25.81
0.01062	9.082
0.009124	8.405
0.008341	4.267
0.00761	4.638
0.006486	4.601
0.006572	0.14
0.02131	102.2
0.01051	37.74
0.01523	53.97
0.009249	24.7
0.01107	30.15
0.01627	30.04
0.02611	36.92
0.00787	30.21
0.006895	24.22
0.04558	89.21
0.05296	89.15
0.04592	54.63
0.01463	19.93
0.003463	16.53
0.006869	16.09
0.01064	49.72
0.02009	50.64
0.003908	11.29
0.0123	27.56
0.006805	25.0
0.00642	19.79
0.01795	23.99
0.009228	16.84
0.01204	14.5
0.003255	10.55
0.005525	20.75
0.02192	42.29
0.002195	5.882
0.03436	25.31
0.006338	25.06
0.008952	19.16
0.00399	21.41
0.003941	18.3
0.008816	19.25
0.002406	12.3
0.004705	21.69
0.004272	18.5
0.01262	18.94
0.001569	9.06
0.007634	16.13
0.006333	19.18
0.001609	7.267
0.005198	20.71
0.003187	5.028
0.001246	1.983
0.01185	20.55
0.0007374	6.332
0.001338	8.154
0.002828	10.85
0.004477	17.74
0.001272	6.224
0.006064	25.17
0.002766	9.456
0.04388	106.8
0.03014	90.68
0.03592	96.99
0.03474	86.44
0.02272	76.61
0.02992	74.39
0.02214	77.07
0.02078	47.81
0.02011	65.63
0.0253	66.22
0.02061	49.81
0.02726	61.44
0.01443	60.79
0.02638	50.99
0.0175	37.15
0.01291	39.8
0.01488	51.84
0.01914	43.42
0.008603	37.4
0.01146	37.87
0.004101	20.71
0.01564	46.19
0.02093	44.99
0.01855	36.19
0.00436	16.82
0.01615	43.33
0.007061	31.58
0.01238	30.31
0.008301	25.8
0.003236	14.11
0.01518	26.54
0.008835	27.43
0.01616	39.26
0.01375	30.77
0.007872	27.0
0.01435	34.41
0.008861	30.96
0.003253	13.71
0.002443	13.59
0.004079	9.414
0.01201	29.2
0.01257	26.85
0.01589	35.02
0.007303	18.11
0.003953	11.0
0.005172	20.67
0.002366	9.356
0.004477	18.61
0.007712	16.81
0.002527	5.469
0.002018	8.597
0.009577	16.7
0.004204	12.31
0.009136	21.66
0.002466	5.87
0.004909	13.96
0.005332	17.71
0.001841	6.349
0.003145	16.92
0.001255	1.74
0.002687	5.283
0.00241	8.101
0.002092	8.098
0.004012	12.02
0.008811	18.89
0.00523	15.53
0.003769	9.987
0.002948	11.66
0.002353	15.87
0.004507	18.49
0.000354	0.5098
0.003923	18.57
0.007124	23.38
0.002336	9.958
0.002147	8.417
0.003897	13.41
0.001762	9.069
0.002071	14.79
0.002663	20.92
0.0007954	1.704
0.002122	10.61
0.01669	58.69
0.001857	6.152
0.001168	9.364
0.001574	12.19
0.00178	10.45
0.000712	6.472
0.0007461	1.007
0.001181	4.333
0.001098	7.229
0.0008196	5.835
0.009532	27.83
0.00517	16.83
0.004707	21.13
0.005369	19.82
0.005069	19.54
0.003905	18.46
0.003887	12.02
0.003421	15.09
0.002952	16.51
0.002154	8.92
0.002582	13.66
0.002026	10.82
0.001735	8.032
0.001366	8.445
0.001889	12.44
0.001073	5.888
0.001318	9.112
0.002389	12.54
0.001261	10.07
0.09245	189.7
0.01615	70.94
0.01838	72.65
0.01942	36.48
0.01578	32.23
0.01409	42.4
0.01356	43.52
0.01449	22.87
0.01121	19.44
0.03805	66.0
0.03644	59.37
0.01718	38.18
0.008821	25.3
0.02665	31.69
0.04132	41.59
0.02802	38.12
0.006021	20.88
0.02244	58.1
0.06168	59.07
0.03629	29.43
0.005682	13.96
0.02678	31.16
0.005461	13.48
0.05549	35.59
0.04509	51.34
0.04768	60.46
0.09449	53.44
0.04134	32.57
0.01552	44.18
0.01911	41.87
0.03434	48.11
0.01496	12.46
0.03396	30.85
0.02883	24.35
0.01253	28.64
0.03274	55.2
0.06872	50.03
0.009741	20.08
0.003887	12.39
0.00415	9.811
0.008843	16.84
0.01899	16.71
0.02558	32.74
0.01004	16.17
0.01327	21.62
0.01869	11.27
0.02942	30.54
0.0156	35.79
0.01368	34.96
0.02307	34.37
0.01185	31.29
0.05095	46.33
0.01452	27.31
0.02393	45.45
0.02348	36.91
0.006856	7.952
0.006151	9.619
0.01089	28.1
0.01175	24.06
0.03004	55.14
0.007275	25.11
0.002295	6.469
0.004442	11.18
0.002616	7.806
0.01066	28.15
0.007862	4.599
0.01414	16.25
0.003648	7.504
0.002077	2.321
0.01319	15.99
0.007508	15.05
0.005154	7.322
0.004154	7.157
0.009828	28.83
0.003262	13.22
0.005708	13.01
0.015	27.22
0.006353	29.05
0.005279	13.71
0.007583	22.62
0.002479	12.5
0.02044	24.51
0.005626	12.41
0.009846	22.65
0.004529	7.82
0.002561	4.481
0.0017	2.113
0.004253	21.92
0.001298	1.823
0.002558	8.379
0.005125	9.405
0.007801	18.69
0.002416	6.466
0.002763	1.827
0.002856	3.265
0.002699	5.212
0.0028	10.31
0.001935	6.693
0.002789	2.855
0.004179	3.109
0.003402	7.374
0.001594	2.205
0.003751	2.952
0.002369	1.2
0.00223	4.627
0.004178	10.97
0.003005	7.297
0.00233	2.527
0.003655	0.89
0.08701	199.0
0.01793	75.95
0.02104	73.89
0.02184	58.47
0.01402	52.6
0.01469	44.71
0.01353	46.08
0.002313	20.85
0.003062	18.32
0.006514	35.16
0.003864	28.06
0.003598	18.25
0.001961	17.67
0.002441	20.64
0.002474	17.14
0.002374	17.04
0.003366	16.21
0.006399	32.54
0.003778	21.95
0.004781	18.26
0.004032	16.7
0.005257	14.64
0.006086	18.37
0.007343	23.9
0.003496	13.69
0.002919	14.33
0.002717	12.89
0.01684	41.85
0.01292	34.51
0.005228	24.66
0.002399	11.21
0.009764	34.59
0.005401	18.68
0.004336	18.01
0.002032	7.142
0.01624	35.03
0.003684	13.57
0.01074	26.06
0.00363	10.6
0.00952	29.16
0.007087	28.87
0.002617	14.83
0.002329	14.09
0.003731	12.65
0.01002	22.46
0.002959	11.52
0.01505	30.82
0.003588	12.69
0.00189	6.156
0.004923	13.56
0.0106	29.56
0.003694	13.06
0.002559	9.896
0.001771	9.032
0.002914	7.471
0.003884	14.66
0.00191	8.345
0.003562	10.98
0.005079	23.37
0.007822	16.69
0.00227	7.18
0.006125	22.7
0.003343	13.92
0.001809	5.623
0.005326	17.88
0.005327	18.24
0.002199	6.459
0.001561	4.5
0.003327	7.9
0.007841	24.45
0.005315	19.82
0.001837	15.85
0.004416	13.67
0.002027	6.003
0.001478	5.801
0.002729	4.968
0.006836	16.44
0.001764	14.37
0.002381	6.082
0.001847	14.22
0.002538	6.085
0.002143	5.99
0.01087	11.78
0.004608	16.07
0.002012	4.273
0.003322	5.84
0.002889	12.45
0.009096	24.79
0.001774	11.41
0.002462	12.01
0.00304	5.864
0.009176	22.38
0.001915	10.65
0.006983	14.15
0.001883	5.91
0.006712	10.59
0.002395	9.049
0.0022	5.81
0.002507	7.49
0.001665	8.273
0.01388	21.26
0.0019	7.69
0.002189	10.44
0.001994	6.026
0.006627	15.78
0.001171	4.102
0.002915	8.689
0.004235	12.38
0.001808	4.687
0.002265	9.786
0.001365	6.308
0.003109	9.273
0.06178	106.4
0.01048	28.44
0.01776	47.97
0.01084	23.53
0.01122	23.69
0.01149	21.1
0.002848	7.791
0.002395	5.385
0.001888	3.735
0.04754	91.28
0.0042	5.145
0.004376	12.61
0.005598	16.83
0.004285	12.03
0.003782	9.655
0.00344	14.55
0.002122	5.596
0.001348	4.028
0.001718	5.699
0.002206	4.588
0.004369	22.65
0.003847	16.99
0.001667	3.417
0.001824	2.239
0.003072	8.17
0.003332	11.21
0.004348	13.52
0.003824	12.9
0.004259	14.25
0.003665	11.43
0.002628	5.904
0.00209	5.14
0.007866	14.31
0.005076	14.02
0.00248	6.918
0.002317	11.9
0.006955	12.24
0.006533	12.96
0.002565	7.19
0.00184	6.699
0.003338	6.594
0.003257	11.05
0.003883	13.23
0.002377	8.076
0.002616	8.529
0.003395	7.125
0.001882	5.859
0.003631	10.35
0.01225	13.39
0.004814	9.009
0.002452	6.881
0.001452	4.522
0.01777	19.34
0.006197	10.24
0.003092	5.865
0.00501	8.163
0.002322	5.379
0.008128	19.83
0.003645	8.654
0.004733	10.72
0.002342	5.079
0.003027	8.372
0.003227	9.371
0.00308	9.612
0.003207	7.46
0.001059	4.087
0.00346	12.4
0.01119	15.1
0.0076	16.48
0.008626	15.42
0.004861	8.256
0.004108	9.743
0.007283	17.98
0.006542	11.41
0.002222	5.189
0.001386	5.33
0.003271	6.079
0.001272	0.4002
0.00192	5.344
0.0005709	0.9564
0.01592	21.41
0.004096	1.803
0.004077	1.684
0.004663	2.464
0.004619	3.549
0.004438	4.456
0.00444	5.231
0.001671	1.319
0.001449	1.25
0.001595	1.607
0.001615	1.417
0.001259	1.187
0.002774	6.404
0.002591	3.784
0.001791	1.788
0.001627	0.9271
0.001699	1.647
0.00184	2.743
0.001068	1.804
0.0009218	2.885
0.0007676	2.267
0.0007661	1.06
0.0006657	2.437
0.001018	2.592
0.001567	3.597
0.002875	9.579
0.002851	8.907
0.003293	6.996
0.003062	7.006
0.002129	5.361
0.002178	6.706
0.001344	5.745
0.001036	2.252
0.001465	4.414
0.0006992	2.84
0.001811	7.043
0.001731	6.615
0.0008599	3.065
0.0006254	3.463
0.0009559	4.245
0.0005216	1.842
0.002421	6.91
0.002197	7.062
0.004617	11.61
0.00274	7.981
0.001119	6.994
0.001147	6.171
0.00128	6.676
0.001324	4.922
0.0007275	3.791
0.0008774	3.481
0.002515	9.378
0.0008174	4.576
0.0006164	3.039
0.001011	4.209
0.0008663	3.702
0.0007844	2.519
0.0009345	3.602
0.0007822	2.635
0.0005713	3.727
0.000819	2.761
0.0006814	3.357
0.000692	0.2622
0.03146	104.3
0.004595	39.55
0.004778	35.96
0.001816	18.43
0.002365	16.41
0.00296	21.6
0.003785	28.31
0.00482	19.76
0.003241	18.16
0.002272	18.52
0.006205	24.75
0.002524	19.31
0.003425	22.92
0.00365	11.65
0.00252	12.08
0.0009497	5.929
0.004732	20.43
0.0009262	6.911
0.00157	7.08
0.0009614	9.539
0.0008253	3.739
0.0007103	3.506
0.002442	8.472
0.001975	7.407
0.002104	6.669
0.002372	8.759
0.001897	7.335
0.002486	7.831
0.01137	27.34
0.006858	18.89
0.008201	20.68
0.006276	19.17
0.006322	15.17
0.006614	18.45
0.006761	15.7
0.004192	7.572
0.006633	10.53
0.001799	0.2078
0.004173	3.142
0.003558	2.253
0.001545	2.721
0.001551	1.426
0.000845	1.153
0.001277	1.035
0.01472	18.61
0.01086	12.09
0.007341	8.445
0.008165	10.11
0.009691	13.47
0.007612	10.82
0.006488	8.422
0.005715	10.78
0.003964	7.312
0.002609	4.469
0.001529	2.822
0.001135	2.237
0.001068	0.2659
0.003143	6.352
0.002547	2.492
0.003811	6.288
0.0007365	1.447
0.00185	3.042
0.0009874	0.9338
0.0006173	1.133
0.0006357	1.109
0.0004806	0.24
0.0005221	0.3205
0.0344	11.46
0.005027	3.23
0.003989	4.723
0.003704	3.103
0.003933	2.613
0.00435	3.069
0.004926	2.972
0.002336	4.423
0.002049	4.149
0.002181	5.29
0.002556	5.112
0.001541	3.334
0.001635	2.274
0.002361	4.388
0.002064	4.278
0.001185	1.388
0.001324	0.7856
0.001034	0.8312
0.001133	2.67
0.001463	2.915
0.0009226	2.025
0.0007813	1.422
0.001252	1.892
0.0009481	1.947
0.0009216	3.062
0.0007427	1.319
0.0006818	1.556
0.01151	12.68
0.004146	5.04
0.004592	4.325
0.001341	1.885
0.001152	1.217
0.002215	2.295
0.002213	2.111
0.003585	3.883
0.002395	2.738
0.0007834	0.7217
0.001017	1.636
0.0009728	1.069
0.00123	0.2517
0.0005032	0.1064
0.0004905	0.4194
0.005344	4.711
0.002269	3.904
0.002166	2.851
0.002307	3.034
0.002582	3.203
0.002944	5.497
0.002647	4.062
0.00143	2.982
0.001194	1.917
0.001227	2.613
0.001248	2.039
0.001077	2.421
0.001941	3.235
0.00178	2.238
0.0008872	2.291
0.001455	1.984
0.001555	3.721
0.0003413	2.951
0.0007931	1.831
0.0006307	2.491
0.000452	1.067
0.0007525	2.436
0.0008811	1.38
0.001368	1.293
0.001202	2.48
0.001514	1.451
0.005924	5.286
0.004707	5.383
0.003816	4.93
0.001967	3.461
0.008189	6.726
0.003132	4.256
0.003809	5.624
0.002226	2.838
0.004861	5.297
0.003149	2.43
0.002605	2.711
0.001254	2.102
0.006066	5.371
0.005333	6.07
0.004802	4.03
0.001943	2.616
0.005878	6.612
0.002371	4.433
0.01933	15.17
0.0077	11.51
0.007443	13.6
0.005756	5.467
0.005259	9.443
0.006282	8.234
0.005824	9.151
0.0049	4.23
0.004839	10.8
0.006957	3.706
0.007032	6.945
0.002342	2.159
0.01002	10.39
0.01079	11.74
0.001968	4.255
0.002294	2.337
0.004464	5.195
0.007473	8.804
0.01012	4.448
0.01606	8.803
0.008498	11.58
0.01944	13.82
0.002492	2.376
0.007894	5.51
0.001255	0.4366
0.06534	151.4
0.01434	53.74
0.005944	20.37
0.006357	20.24
0.007202	20.85
0.0123	29.16
0.005632	13.73
0.01901	34.87
0.007495	19.78
0.01518	35.82
0.003551	10.38
0.002139	8.076
0.006893	17.24
0.01057	19.51
0.003281	9.441
0.007883	18.87
0.01281	25.6
0.02329	57.25
0.000953	0.6957
0.000475	2.106
0.0005987	1.869
0.001597	6.523
0.001211	3.92
0.002923	12.48
0.003031	6.729
0.0005226	1.627
0.000366	1.771
0.0009155	2.469
0.006955	18.31
0.00136	4.672
0.02988	59.51
0.001707	7.952
0.00153	7.331
0.007659	17.13
0.0003854	2.508
0.0006944	2.548
0.0004898	2.954
0.0004589	2.674
0.0008257	2.044
0.0005512	0.4217
0.009141	30.34
0.0003878	0.3371
0.0004732	0.4992
0.0005804	0.3678
0.01406	15.36
0.0007745	3.331
0.0007851	2.447
0.007245	10.08
0.004719	7.973
0.004442	6.952
0.004448	6.002
0.004687	7.039
0.003106	5.247
0.003455	6.242
0.003833	7.205
0.002506	5.371
0.001846	2.799
0.001927	4.272
0.002165	2.527
0.00161	3.952
0.0009286	1.521
0.000949	1.508
0.0003357	1.133
0.000771	2.285
0.0004805	1.04
0.0003272	0.2154
0.0003666	0.1145
0.000329	1.001
0.06322	81.5
0.009002	21.78
0.009339	20.03
0.01173	21.52
0.009392	14.75
0.01232	43.28
0.01441	32.11
0.007229	14.36
0.005253	12.04
0.004287	12.15
0.004805	13.67
0.008366	18.17
0.004488	15.8
0.009122	12.24
0.002431	8.616
0.001422	5.214
0.001588	7.464
0.00172	7.05
0.002044	9.099
0.001247	5.65
0.00166	4.538
0.00184	6.361
0.001264	4.392
0.001536	4.957
0.001667	6.092
0.001374	5.181
0.001848	5.673
0.001103	4.429
0.002121	5.054
0.002116	4.073
0.002033	1.192
0.001543	0.4446
0.001742	0.8926
0.00137	0.2225
0.001603	0.4369
0.001199	0.4277
0.002056	0.3755
0.001495	0.8043
0.001415	1.2
0.001121	0.2634
0.001232	0.7671
0.0009956	0.4841
0.0008716	0.2255
0.0007562	0.1396
0.0008951	0.4768
0.001513	0.4803
0.3981	127.5
0.01344	23.61
0.01416	14.87
0.01743	32.5
0.0326	34.45
0.02031	23.84
0.01261	16.17
0.004664	6.639
0.003977	8.574
0.004111	6.695
0.002411	0.4423
0.002644	5.614
0.001088	3.237
0.009811	11.8
0.009578	8.066
0.02708	24.27
0.007909	17.75
0.00278	6.969
0.00281	1.891
0.001333	7.815
0.00357	7.609
0.01311	22.27
0.003628	10.08
0.003147	7.259
0.001279	1.385
0.003387	6.833
0.01242	13.19
0.005128	4.03
0.003153	7.126
0.02308	24.31
0.002533	5.177
0.001588	6.437
0.01071	6.941
0.001265	0.9823
0.007535	12.71
0.001762	2.246
0.001247	1.183
0.002878	4.805
0.003491	6.312
0.000548	1.266
0.001586	2.912
0.001452	1.738
0.0007083	4.123
